1 100000
7 7
172133 199418
191069 17532
59426 84474
28706 81792
140881 77052
46780 117479
603 119241
177015 152442
135984 110151
10552 11687
85575 24273
104341 112994
180412 30748
10679 77024
177828 110595
89432 119810
38745 76847
105653 130847
2689 51383
11096 189431
21481 160739
45302 65230
4235 11745
35365 137656
59054 54266
13143 89374
132252 56632
100777 545
6235 7753
91367 104643
49948 110544
95784 47728
86458 132677
144205 54641
48036 177624
120598 166994
138541 121568
186060 197185
43467 66527
171582 108005
10817 91895
43421 187539
45395 51500
128026 132888
109161 139414
153398 68969
61206 79613
38184 61978
136454 128747
127386 27417
42620 33798
4068 106749
184211 142412
15770 153930
182492 161348
153893 188313
189123 40734
78218 183202
99812 130053
146810 77203
24922 3067
103296 146048
21754 1745
40433 137348
95813 110969
108808 104600
90944 63098
199362 157590
44210 87541
159665 4675
57828 105602
44420 90518
185284 87588
165687 37333
44634 11921
117159 107959
385196 167700
301329 361001
364120 348316
357026 441505
204995 204670
231673 189303
272540 314253
78740 217975
376250 57535
180832 437658
387985 373782
383721 129855
430442 290359
351468 99864
369488 217317
84610 16930
367612 230654
168481 459736
197438 77118
183264 165925
386374 415903
420137 200645
169737 293701
436040 180795
60011 448672
368558 338329
403554 330654
159375 151725
116895 308859
109223 186160
278003 494675
1363 323252
458924 24420
76577 454674
243971 421458
409324 44728
177 402613
399575 133453
334732 489104
800000 999999
295564 631580
766935 184892
315434 28327
203462 173048
373931 859524
152488 191031
723202 544551
132358 275098
93455 432012
318551 828913
567553 995044
199890 173211
292382 462662
148188 348164
67492 703937
562566 378562
356642 197135
290591 862213
698606 211763
347620 793446
481526 244936
668181 900904
168631 177784
136768 716614
12519 219112
529399 425592
823796 11275
659549 433600
115375 95736
818777 275197
740542 533715
105650 102463
805812 987664
109686 936444
736306 716817
356643 944766
359929 566168
386625 863413
38333 623498
298129 981430
587089 623672
839667 590594
958236 46698
594751 929643
25748 957944
646159 890072
195059 444354
204204 57403
751254 719742
237710 796541
543200 549148
656 646225
825016 519950
361350 697908
268430 418382
908646 729628
335251 725670
258557 994463
775342 2202
283103 454032
269361 77123
166296 445574
5944 481415
501013 395380
356612 566309
535991 814965
213720 931355
576802 135425
49923 371408
90817 361499
539145 877764
760675 324850
681747 932707
515669 520285
777108 454372