1 10 
100 200
201 210
900 1000
1 999999
1 77031
77031 106239
106239 142587
410011 999999
410010 511934
15000 410000
1 1
999999 999999
10 1
200 100
201 210
1000 900
999999 1
239428 598700 
427389 884697
980366 971487
28969 984335
520752 175905 
738633 308117 
510797 641953 
60481 528302 
290295 662463 
431657 574692 
368271 356883
164706 783581 
611965 942144
82678 431658
655915 220681 
41819 830646 
694212 787649
413379 901580
883450 632642
614335 168785 
98712 396928
220935 748402 
86597 499376
575963 10783 
725228 131739 
158928 664906 
622677 47298 
328230 87886
606443 70253 
214782 459121
452300 730051 
67518 932418
329456 815453 
669352 636932
827299 477006 
443273 814247 
555712 166673
753785 70428 
543336 303413
955334 909045
687344 888302
861712 508957
795297 671529
618370 861427
484369 947890
773658 356185 
880640 17373
629486 367968 
662669 451170 
14638 314583
801576 538929 
140639 805757 
628719 211230 
44244 268779
11938 589284
295875 98592
230476 384781
522004 217175
696248 464873 
342647 957275
205383 249551
400333 316606
950429 815159
553015 201858
452826 21978
936616 329280
474290 373117
451998 934029
922831 979476
752297 473826 
50234 888326
507006 744805 
868039 572586
39051 535580
626136 6101
400936 78511
730024 538457 
727081 45064 
610118 931950
778714 972748
658176 888813
70223 675421 
828140 691575
544637 992093
507706 843930
315686 799246 
996901 246029
24204 656218 
147419 699151 
566784 67576
542450 148256
644417 451389 
726806 138267 
313152 760940 
58271 417558
608277 640100 
801731 234972 
388120 263517
869650 316333
618202 572909
580577 449692
179006 791471
917616 610534
212129 832536
338341 115965
839052 800096
314392 772494
513402 42241
346128 619755
328934 784900
458382 698622
341817 579868
653664 7646
784804 233753
8174 98273
47952 544053
706828 519395
322624 351717
492959 683872
703346 738580
890024 293961
825817 519776
825593 655956
17358 547188
442514 714995
681602 644030
663492 891638
715743 339173
634137 788643
658188 191397
789002 193390
909600 743527
643294 167469
529804 919178
125481 981260
886788 991779
123369 837161
592237 220415
234117 60291
559930 513392
862514 902490
462234 337424
576770 161203
681385 243234
96315 787451
89904 615669
115901 562303
592336 657984
433630 494720
855428 811546
992739 811491
381823 956509
671649 122523
29434 857816
115369 723820