1 10
100 200
201 210
900 1000
500 1500
1000 2001
1 1
1 2
1 3
1 4
1 5
1 6
1 7
1 8
8 1
7 1
6 1
5 1
4 1
3 1
2 1
10 1
1 999999
1 4
2 4
3 4
4 4
200 300
300 400
400 500
500 600
600 700
700 800
800 900
1000 1000
10000 10000
100000 100000
8 8
9 9
10 10
1 9
96 96
97 97
98 98
1 100
870 870
871 871
872 872
1 1000
6170 6170
6171 6171
6172 6172
1 10000
77030 77030
77031 77031
77032 77032
1 100000
837798 837798
837799 837799
837800 837800
100000 200000
200000 300000
300000 400000
400000 500000
500000 600000
600000 700000
700000 800000
800000 900000
900000 999999
999999 900000
900000 800000
800000 700000
700000 600000
600000 500000
500000 400000
400000 300000
300000 200000
200000 100000
1000000 1
50 100
100 150
150 200
200 250
250 300
300 350
350 400
400 450
450 500
500 550
550 600
600 650
650 700
700 750
750 800
800 850
850 900
900 950
950 1000
1 500000
500000 999999
1999 4001
2999 6001
3999 8001
4999 10001
9999 20001
19999 40001
99999 200001
999999 1
243244 234894
987496 234789
983475 454835
578328 878239
584372 934889
982374 928374
109234 234897
982347 723468
862893 864298
658734 862347
