1 149
1 51
120 3
1500 3000
1 999999
999999 999999
923430 201581
28948 638050
144122 753277
843026 994389
278548 636800
140235 44755
909869 153687
263907 232125
273632 89149
424662 980158
148562 428266
734703 341367
901790 29249
195394 294699
799550 948399
351304 52398
321448 36370
222605 391710
372612 215098
567559 188709
504279 320888
940174 192222
909930 502510
319971 22511
222113 961641
597656 212318
494012 246591
236958 875032
46014 222382
849177 103241
361500 602832
993671 555311
971600 809378
260602 993959
409989 809635
89855 818991
342642 895802
94829 493228
140710 20467
350079 665190
89305 725559
869694 611388
406462 849519
222580 647777
925890 175671
289719 393113
897838 127016
212199 52249
323197 666719
576352 639491
609678 738214
836070 11972
213178 543087
967514 538930
461868 787639
458460 512579
44645 166146
517307 870209
967993 193977
442701 104361
213164 777234
977075 64809
411638 17478
440678 975231
362484 543669
560047 551807
462850 390436
287305 496038
385367 582300
738239 806364
992467 229241
925833 407231
595176 693769
180447 199875
790360 607767
633500 931551
144988 35871
767208 418786
873855 793300
444922 340956
871311 777217
210746 334434
819848 15578
827993 690576
360289 233772
13156 195335
441311 72790
105717 323066
822131 455930
215785 357881
345930 379217
553954 975638
747980 317266
155284 161138
747995 625273
721968 514793
43039 279615
316111 278793
454072 584012
156076 660620
709200 709350
131100 131250
577800 577950
753900 754050
110700 110850
853650 853800
855000 855150
950700 950850
633450 633600
502500 502650
584550 584700
404400 404550
891000 891150
489750 489900
421950 422100
253050 253200
835200 835350
224700 224850
857400 857550
373950 374100
270000 270150
423800 423950
203900 204050
73500 73650
616100 616250
456600 456750
693900 694050
909400 909550
670000 670150
349500 349650
883600 883750
168000 168150
451100 451250
631700 631850
183100 183250
232800 232950
370300 370450
742800 742950
118100 118250
371900 372050
526150 526156
129576 129595
315068 315135
415960 416085
453894 453997
26780 26846
96239 96361
490860 490883
196519 196572
895575 895673
549690 549783
917850 917887
421255 421341
621798 621894
736848 736996
45402 45498
764047 764068
998294 998301
295426 295556
688925 688987
210205 210287
463237 463241
507581 507601
965983 966057
823066 823099
361681 361691
925478 925503
530888 530935
165784 165835
850985 851023
306553 306613
428019 428101
949390 949448
370429 370515
769183 769239
227546 227548
725656 725740
541810 541866
822870 822894
475966 475982
786028 786028
271849 271849
467152 467152
458762 458762
641000 641000
995603 995603
29179 29179
277780 277780
683766 683766
432209 432209
665977 682018
