884739 692083
306405 105295
628383 966955
418582 436110
285356 28517
743660 869703
666096 128062
122963 359756
548615 746272
611934 690205
287052 568055
58534 686494
869934 33146
455058 402228
816324 400353
966828 448323
413817 600445
5364 650165
447259 883683
103481 908377
545860 253421
661727 502861
356167 100059
665627 897342
292723 679751
720101 4513
730358 565486
409586 109956
107668 626188
758499 199164
355872 31199
209459 342037
65417 770191
291127 137509
954387 410485
20951 974899
749666 972466
617289 923100
80026 314398
803146 286911
591952 127873
502381 942284
491233 501586
49249 8518
233518 554154
66761 287070
320171 125496
485211 748023
470829 655598
864674 565530
880675 41796
777107 625595
259298 713121
741691 870659
573222 174132
5998 303539
879271 779821
308538 2319
388136 555047
317186 985296
743653 365299
118271 390797
325972 580413
948274 619621
105132 603889
530117 109127
969981 639770
149449 770096
837250 16167
985894 54731
79132 633581
535474 839606
364855 296882
285914 874872
699137 782825
474631 500860
149456 540218
872664 754473
852827 551436
888609 146769
673755 169754
862806 280819
974227 53930
572104 8277
51205 175308
387451 579348
342168 502027
760436 847681
844618 91947
293529 761145
928560 652046
979993 882156
606597 350848
224034 696968
29038 613930
216322 526356
247995 567070
176279 765449
130178 482044
377170 369047
386463 691280
152201 206930
995511 759695
787084 129341
549127 41520
911510 832490
847225 107427
674243 517404
265406 350023
257853 418120
888076 438594
596936 635841
655936 832380
529576 851218
460532 418483
833421 755185
318161 26852
915157 688166
589811 976646
627449 175965
697967 581514
397453 357688
246243 583987
148824 161769
861515 116192
647847 668866
196600 581551
853620 903447
863502 107428
659289 259417
906402 244848
95060 913610
286773 428401
565430 749654
689642 399266
434306 520342
895922 851501
422097 428908
495264 451529
429247 462260
651584 782646
24181 817463
183079 929213
163426 24151
390304 86181
157724 67918
648487 206119
956401 642748
948565 739695
233881 664050
