57945   514806
516019   471154
850572   591344
435267   96610
731724   365414
756441   808287
41335   737597
182978   958257
806246   223399
686454   848170
449621   306422
657029   92828
346778   726586
530146   173656
432386   917635
826852   913990
765464   464805
473997   432704
983571   326151
207856   508253
757654   687585
563695   736887
971259   12504
766333   527127
232714   815497
700345   739478
484442   140546
590995   387421
783846   948036
935355   191692
476117   586768
992851   149186
331315   11934
642554   409237
725256   122566
572882   737854
149442   494740
749999   255255
117726   587114
739692   935125
189753   154
481447   471965
584603   212001
643974   599584
539862   198768
784465   86910
589984   668797
291734   779553
770070   111483
782931   450220
707743   647545
687958   842763
92755   539533
179901   43609
284576   666893
516946   983678
169499   863788
917149   391774
373573   31577
768724   348547
51622   32478
760285   165696
578988   141045
797683   334655
474097   483639
407980   915751
866749   928258
349635   413071
44886   191769
289355   236679
605033   737849
351750   87637
681810   984734
844535   525239
773382   716939
676850   382346
766350   213987
992043   222302
350298   828851
843829   446266
590981   629104
878974   295240
625974   632526
862544   272070
772741   662511
103836   637496
133213   547481
10696   483469
676774   511221
393331   662877
272126   692600
354610   832865
781146   350490
121931   920131
177098   267517
961625   418560
559921   917065
953561   993444
636565   980225
887286   806735
442034   257538
506501   887283
58062   192214
133407   57689
862123   352432
622767   435082
663290   474802
241764   899358
956609   27302
117365   680860
81021   130966
613666   303159
886048   792632
646545   359836
897751   889820
790618   500692
875200   338464
851009   137241
23486   449681
223895   244442
145662   232318
870294   821400
73677   258923
479550   79967
465282   250727
362954   513222
707103   671788
120825   519628
9075   281984
148999   905510
866594   490176
258695   864761
735581   389361
994201   266118
768678   744589
580574   776752
610995   230033
482667   417259
171010   909347
745647   43556
661712   507913
678878   960792
329503   95405
890092   749453
237739   802438
793127   534891
87842   661248
954603   35350
50693   902648
722506   369859
338419   309105
973837   676153
971524   588374
255179   257804
43100   57848
777614   110213
958748   637157
362987   845815
846717   541732
180148   437248
486168   318413
291095   954074
822555   88326
457398   104811
243479   877839
743272   842460
402069   207593
356699   622737
301903   663154
333905   933853
