233002 430111
575046 44387
761964 377391
399440 524515
445430 974652
594575 131008
81134 458145
410947 386816
681570 505766
16166 411284
566157 889789
917504 183982
230363 864880
219892 281061
955814 631942
672630 203481
177256 732514
37940 287135
353198 931380
784474 439650
649071 565188
791872 310062
103923 681895
76756 359358
825530 351846
937712 453793
634555 166871
618391 686695
221961 282197
896169 573550
734043 661905
387025 685212
647231 539597
837336 131510
197184 764048
161400 395166
586258 864012
868603 786618
545880 41011
940651 126575
835920 23917
645894 70487
636753 112511
573438 875118
502581 312314
72097 309468
195256 49734
940847 428833
365002 322048
100945 546280
526892 155288
397013 284675
515727 532040
10391 957834
30848 631540
874945 745425
478132 770099
120845 436362
74176 968219
533771 999454
74114 707417
913627 649599
530150 500045
895903 950103
624050 415104
538440 286760
471922 893876
618339 716851
149907 259440
934349 888509
388092 757278
368935 305263
290869 338862
943286 968874
298039 834514
673878 784315
990735 435135
848665 629939
896581 556904
514836 899930
89252 572562
284869 116841
703794 683115
602428 428983
423381 475000
683622 935591
266101 10220
461198 899674
318418 234038
545145 811010
102898 69179
542173 583808
591169 206981
809918 855304
461452 73908
743207 839951
51945 428218
87290 679824
237287 285812
503245 857353