645687 185700
524885 954762
313557 52496
810547 427971
484838 142680
352903 251399
766368 180547
74157 90764
628737 498789
259064 437850
550676 75140
535967 858534
384058 782596
784086 688734
422685 479224
547066 864982
610618 939969
26706 42334
477465 86724
575759 947735
443233 895539
370199 346670
596746 428109
59412 568767
388718 863963
138998 700639
373863 652702
165420 110534
10824 132060
280378 73745
702065 782203
3569 246985
363593 934045
567874 343327
564384 410980
965129 900989
574736 138044
516716 216983
853788 797254
324009 862882
149827 205128
251792 743696
962567 285799
90112 853064
939120 191882
113315 47920
499250 727195
283444 857680
942677 382977
109561 626675
234335 227531
526834 245653
852010 627533
670306 581566
988365 258919
266481 593014
136961 613911
409192 102211
216279 663444
572969 862304
793394 869044
685475 21615
444175 900442
951061 858489
108137 515508
35266 16207
72238 333651
86775 444266
729277 690693
649418 297324
601755 440947
66681 719455
207631 229409
138631 889304
282888 71297
464623 995532
560837 392200
888948 451776
670476 809113
417253 613643
790015 146931
135235 721081
470068 968198
398582 498115
439082 175528
110194 127105
91363 40334
935103 473447
447912 195156
853662 37876
720294 300928
933837 902986
527155 813963
580573 724274
65706 989508
227606 699872
425446 3419
791203 731971
384679 754388
783573 600751
999413 581635
717701 694650
44670 137079
583129 636924
484395 845201
582808 526335
142450 51795
213363 838066
512129 584353
572950 350089
146242 814472
346217 957795
302386 552974
735368 719898
437342 583574
402129 861081
563226 246653
180908 652930
790731 342570
858652 524858
905307 323796
235197 798579
547340 661082
710316 667273
121228 383106
185555 308286
874597 709932
354554 73456
803199 830927
582978 105797
441594 590319
575452 872595
106863 773680
72400 533321
664254 721619
630088 998971
583110 516250
856725 391124
956752 961917
903585 17840
870507 930607
556180 863976
374177 415088
357270 870193
397000 591143
272416 443420
660162 125393
68081 594944
435167 472991
671371 358853
