9 18
18 18
17 17
1000000 1000000
1 1000001
1 1000
1000 1
2 2
3 3
6 6
7 7
9 9
18 18
25 25
27 27
54 54
73 73
97 97
129 129
171 171
231 231
313 313
327 327
649 649
703 703
871 871
1161 1161
2223 2223
2463 2463
2919 2919
3711 3711
6171 6171
10971 10971
13255 13255
17647 17647
23529 23529
26623 26623
34239 34239
35655 35655
52527 52527
77031 77031
106239 106239
142587 142587
156159 156159
216367 216367
230631 230631
410011 410011
511935 511935
626331 626331
837799 837799
3 3
4 4
7 7
8 8
10 10
19 19
26 26
28 28
55 55
74 74
98 98
130 130
172 172
232 232
314 314
328 328
650 650
704 704
872 872
1162 1162
2224 2224
2464 2464
2920 2920
3712 3712
6172 6172
10972 10972
13256 13256
17648 17648
23530 23530
26624 26624
34240 34240
35656 35656
52528 52528
77032 77032
106240 106240
142588 142588
156160 156160
216368 216368
230632 230632
410012 410012
511936 511936
626332 626332
837800 837800
1 1
2 2
5 5
6 6
8 8
17 17
24 24
26 26
53 53
72 72
96 96
128 128
170 170
230 230
312 312
326 326
648 648
702 702
870 870
1160 1160
2222 2222
2462 2462
2918 2918
3710 3710
6170 6170
10970 10970
13254 13254
17646 17646
23528 23528
26622 26622
34238 34238
35654 35654
52526 52526
77030 77030
106238 106238
142586 142586
156158 156158
216366 216366
230630 230630
410010 410010
511934 511934
626330 626330
837798 837798
1 1000
1001 2000
2001 3000
3001 4000
4001 5000
99000 1000000
1 837798
2 3
5 4
6 7
8 8
17 10
24 19
26 26
53 28
72 55
96 74
128 98
170 130
230 172
312 232
326 314
648 328
702 650
870 704
1160 872
2222 1162
2462 2224
2918 2464
3710 2920
6170 3712
10970 6172
13254 10972
17646 13256
23528 17648
26622 23530
34238 26624
35654 34240
52526 35656
77030 52528
106238 77032
142586 106240
156158 142588
216366 156160
230630 216368
410010 230632
511934 410012
626330 511936
837798 626332
