485797 306102
568269 517937
347763 652654
308012 499009
136415 276041
323381 188785
328433 524323
703347 917708
854553 311334
897783 115735
615424 485143
925215 363903
351198 259624
9781 737353
380954 806261
267846 639225
684547 469373
413857 101942
843471 962538
940610 69586
937426 349934
638074 66733
329704 232809
244294 139539
993311 490867
655225 254269
515361 406062
577205 439943
773393 723127
760959 938284
783250 678424
410129 108437
119083 106521
803156 679155
258412 492764
433507 123188
764861 162530
78136 421382
223287 980899
703986 74105
303744 374042
883183 420080
178941 954216
221258 543058
933894 828225
103465 703657
252160 185532
783373 69493
952850 122834
163628 731176
625884 988745
417302 403544
917059 319943
275644 796620
360247 420932
661519 647338
292721 274432
573172 42256
644266 761251
359241 747571
73640 396527
291649 260600
951475 720452
203933 828485
495718 33885
276852 484808
65656 835253
493304 308280
639937 622550
340959 371389
135808 893657
345923 16814
22345 677481
442472 556152
772715 665711
343661 881340
724753 665499
764242 381484
724930 18863
796414 449904
508603 265226
617343 27590
958078 834462
14349 151390
456776 886590
141980 984556
966736 749891
429456 534428
417821 756949
263029 47451
803162 99434
555838 857527
819784 615746
112562 237921
266851 413260
354850 311013
522168 418036
499436 708244
326795 798127
734018 503264
865989 643036
560902 272063
616780 853008
46477 388238
786119 800358
106401 613110
21947 203955
547751 506007
551072 770789
300662 38440
411431 67828
46773 509890
285386 181801
731701 304080
859424 375435
177327 760517
358714 864370
942199 343279
509892 270825
410848 784302
215528 381977
741437 929925
592870 322823
137957 77230
747559 139587
691799 950126
624815 972467
910438 49561
398104 377512
312491 259966
545563 134637
408552 600405
446630 51056
165913 557868
20977 303462
912716 359549
336803 140272
423190 434529
365098 232969
756670 816066
116691 889907
308630 56411
373823 738755
844929 211582
317646 998707
509202 124798
543463 329903
440407 240549
153113 340535
590019 965327
98707 798278
544794 829186
490474 776455
97514 394232
114866 360260
707360 735610
292344 256795
83536 885714
496246 510978
162177 335798
209000 216426
889845 92637
356601 161972
592749 356430
100638 204152
3254 91541
883870 112575
268237 665398
530098 207695
220171 729160
714018 353850
591485 849788
186887 489654
746835 134288
711990 245689
867881 165176
697244 635426
98021 266658
864891 576859
682769 396917
910510 939058
888437 254218
710776 59321
63400 498014
968678 300967
746180 825010
985592 558662
674937 862084
416575 643567
346113 655867
163691 382355
670490 608726
876995 984698
209554 59117
49733 371607
232358 642426
328942 212752
798936 331416
552936 33183
242636 811584