1 10
100 200
201 210
900 1000
485894 28588
185307 787288
268124 739591
487922 909801
475943 804160
339336 584196
685733 721486
912453 136817
529564 755028
978842 684512
934600 411050
425315 191616
301416 742769
861251 129463
868493 305388
51584 882827
237085 53600
6664 313885
695258 947261
520213 189647
568609 130813
956721 279642
685034 263562
981525 715155
78868 131049
994306 154188
370612 25969
882486 714667
10804 773612
708799 415184
443900 342032
740496 542783
410367 996692
24906 889459
280028 616485
919283 828242
44511 964516
835829 83870
399157 113959
487711 163842
532531 759515
9954 194403
786788 349249
718836 782734
128304 826153
514612 165359
153938 692542
994625 69043
451909 716580
773000 261871
793726 935467
909839 542128
753803 77619
183394 863721
810460 495639
894953 957260
820708 567342
959421 129353
981994 140945
11830 242068
961367 705608
301066 730970
613430 858994
27169 259642
336365 685183
962096 398318
964099 622912
751719 109438
722201 311211
267473 600010
903583 14658
351606 184040
894590 821129
863219 374683
22155 522126
442985 152506
922141 559000
831697 772868
131694 244718
322501 749929
484039 536753
800341 198995
367085 515894
318213 636894
437184 868609
131549 432337
539062 319783
129416 950058
111187 201577
640705 197195
747343 305228
289563 204559
489900 266802
816014 99991
139432 550851
286230 571715
519292 973589
821567 108058
798913 450813
738506 271332
633036 242129
797905 732628
365566 747526
947818 155990
33979 433189
474364 395249
751785 491580
524642 139082
889198 224285
883058 675728
513326 482530
865650 792810
908523 503743
975159 751417
663174 222850
500346 586371
77148 548874
77753 371008
315505 923463
183988 593782
829056 163249
378505 297684
380286 258478
960652 373207
40459 881317
902182 822279
64210 215613
467273 116255
121840 837747
627315 271991
699903 394760
758708 889643
130700 628892
176383 982685
899619 597004
605744 527842
133533 725644
583390 259004
351071 51298
826692 752132
694102 965066
721500 265303
480281 385457
59558 833808
350558 494283
914136 122039
592901 525650
402980 478630
404490 824623
49992 699131
176949 728133
1 1
2 2
1 2
2 1
1 999999
500000 999999
5 5
7 7
999999 999999