1 1
1 2
1 3
1 10
10 1
10 10
2 2
2 1
999998 999999
999999 999999
678345 765467
2424 878787
2 4
4 8
8 16
16 32
32 64
64 128
128 256
256 512
1024 2048
2048 1024
512 256
256 128
128 64
64 32
32 16
16 8
8 4
4 2
2 1
123456 234567
123456 123457
345678 456789
345678 345679
567890 678901
567890 567891
789012 890123
789012 789013
901234 999999
901234 901235
100 49
100 50
100 51
200 99
200 100
200 101
300 149
300 150
300 151
400 199
400 200
400 201
500 249
500 250
500 251
600 299
600 300
600 301
700 349
700 350
700 351
800 399
800 400
800 401
900 449
900 450
900 451
1000 499
1000 500
1000 501
5000 10000
5000 20000
5000 40000
5000 80000
5000 160000
5000 320000
5000 640000
10000 5000
5000 2500
2500 1250
625 312
312 156
156 78
78 39
20 10
5 2
100 101
101 102
102 103
103 104
104 105
105 106
106 107
107 108
108 109
109 110
110 111
111 112
112 113
113 114
114 115
115 116
116 117
117 118
118 119
119 120
4000 1000
4000 500
4000 250
4000 125
999999 1
1 999999
123 124
123 125
123 126
123 127
123 128
123 129
123 130
122 124
122 125
122 126
122 127
122 128
122 129
122 130


