1 10
100 200
201 210
900 1000
467416 587672
111509 471686
339669 887004
812740 999665
258199 871924
200209 612100
320701 945986
184555 842659
4258 579731
840123 852183
144934 160386
9993 226318
343139 393893
165720 260285
337330 369403
534624 652922
177660 985422
480668 872485
629142 743088
151119 760546
500603 638154
237717 332666
209818 710662
51541 612071
13249 531259
661243 679401
529455 572667
147287 355663
307854 676091
1624 571110
627888 920210
8641 438111
809318 963752
192282 906765
27227 718481
190172 578661
165792 274272
42976 702532
200259 346806
157471 278116
74963 91868
241322 822872
63938 727721
187964 728086
368557 556568
374742 572123
40010 431795
159188 356549
478705 997533
30482 762159
131109 384444
368808 912627
446403 821716
343643 940549
300187 770359
75301 773332
397112 959107
116917 907263
372211 901242
889823 989463
285377 976462
217961 780846
72169 312369
768434 979900
69945 888324
114126 574887
76228 957654
251471 449532
60909 769610
382806 588834
188758 428548
605591 805080
82953 167788
168858 278828
123090 424875
423775 728459
4531 493773
428377 528206
557180 813508
352858 980177
494258 595302
903304 930809
271049 304974
131811 493853
8512 258791
46599 326885
608792 898374
541006 632448
285445 313430
259999 719374
158991 622454
930086 938818
130198 139821
480001 806881
236371 879982
158509 392882
119673 892352
251836 297672
573759 757523
719864 891800
53494 783697
553775 707234
326372 703441
121212 167835
88065 208526
285417 392160
204945 370236
32314 430226
70567 674407
591414 791491