10001 10970
12001 13254
14001 14694
16001 17646
18001 19592
20001 21941
22001 23528
24001 24683
26001 26622
28001 29256
30001 31418
32001 32414
34001 35654
36001 37502
38001 39934
40001 40958
42001 42248
44001 45126
46001 47328
48001 48926
50001 51358
52001 52526
56001 56094
58001 59902
60001 60974
62001 63386
64001 64254
66001 67690
68001 68186
72001 73062
74001 74790
76001 77030
78001 78790
80001 80224
82001 82664
84001 84142
86001 87086
88001 88058
90001 91462
92001 92998
94001 95080
96001 96382
98001 99066
100001 100166
102001 102280
104001 105053
106001 106238
108001 109880
110001 111450
112001 112186
114001 115546
116001 116550
118001 118186
122001 123390
124001 125382
126001 126773
128001 129990
130001 130630
132001 132088
134001 135110
136001 137194
138001 138350
140001 140072
142001 142586
144001 144282
146001 146598
148001 148600
150001 150014
152001 152305
154001 154061
156001 156158
158001 159358
160001 160410
162001 162600
164001 164520
166001 166010
168001 169032
170001 171000
172001 173320
174001 174173
176001 176117
178001 178074
180001 180462
182001 182925
184001 185086
186001 186762
188001 189854
190001 190160
192001 192710
194001 195464
196001 196654
198001 198133
200001 200333
202001 202470
204001 205416
206001 206846
208001 208622
210001 211050
212001 213880
216001 216366
218001 219898
220001 221352
222001 222901
224001 225022
226001 226586
228001 228398
230001 230630
232001 233190
234001 234238
236001 237432
238001 239038
240001 240616
246001 247386
248001 249016
250001 250362
252001 253547
254001 254910
256001 257000
258001 259981
260001 260846
262001 263102
264001 264177
266001 267112
268001 269082
270001 270270
272001 273888
274001 275238
276001 277614
278001 278310
280001 281400
282001 283304
284001 285173
286001 287338
288001 288488
290001 290726
292001 293197
294001 295130
296001 296390
298001 298842
302001 302718
304001 304000
306001 306400
308001 308070
310001 310270
312001 312317
314001 315163
316001 316576
318001 318717
320001 320821
322001 323198
324001 324550
326001 327386
328001 329150
332001 332021
334001 334353
336001 336198
338001 339880
340001 341670
342001 342598
344001 345946
346001 346641
348001 349786
350001 351358
352001 352235
354001 355142
358001 358062
360001 360360
362001 362342
364001 365184
366001 366984
368001 369566
370001 370152
372001 373525
374001 375200
376001 376602
378001 379206
380001 380232
382001 382366
384001 385421
388001 389190
392001 393510
394001 394654
396001 396267
398001 398456
400001 401150
402001 403624
404001 405406
406001 406042
408001 408533
410001 410010
412001 413693
414001 414560
416001 416422
418001 418430
420001 420215
422001 423678
424001 424955
426001 427761
430001 431898
432001 432733
