1 10
100 200
201 210
900 1000
1 1
2 2
100 100
5000 5000
10000 10000
126162 524768
45712 636498
168165 660539
601427 147090
82028 686742
561146 221412
75078 713395
105279 544783
136138 510361
204647 701226
137606 566689
205245 562305
728067 173967
234979 534081
625651 40349
245332 679476
542253 155017
664804 248860
508420 187317
594361 163430
140654 583598
130163 655016
733702 12351
690027 218093
124347 702839
16407 578056
672542 57471
27353 583317
6371 643141
656330 73918
214481 635751
51951 686402
97805 673186
556550 18909
680642 118457
560663 33675
688206 171473
249485 737570
582631 123
5405 616959
500549 27901
28509 638639
197832 650781
124897 636596
207197 610756
583529 103814
190960 613874
190228 520233
60869 683545
691763 73799
591287 34077
571889 232570
130285 596711
57949 510066
665485 2064
581486 89786
63052 638380
121101 676358
131387 629974
599533 89326
26516 686153
69923 623603
573730 71670
509383 96287
741835 47073
5356 543370
642396 244119
706875 231280
581902 10266
763827 7364
247122 524848
205631 546444
675347 134324
643631 19818
74545 511794
552484 67756
61634 668143
14161 534273
601215 166587
22217 744836
688339 129447
556379 62803
774095 55468
91649 635368
23414 577389
527058 64308
172545 567136
689843 65666
593931 247804
182592 535153
672640 56671
589605 89231
83707 749494
628161 147324
620148 207491
715073 160497
574091 219964
83494 559480
63334 766834
