1 10




10 1
100 200
200 100
201 210
210 201
900 1000
1000 900
1 1
2 2
5 5
10 10
7000 5644
5303 17628
999999 999997
16499 45587
52361 3224
567 890
13357 52504
        
680 10418
96322 83557
29150 27469
88888 88888
18861 34786
92801 5470
38098 39644
2000 4000




8000 1000
44959 55000

6964 5331
92001 93000
530454 530452
105 754
54421 96890
76524 4778
100 100000
7908 5345
46157 11547
61200 19433
20000 61123
7674 3456
67879 3678
679 462
92087 93000
5 10
67934 43557
56789 3446
69780 65123
16527 10070
12134 20689
852259 852251
52361 32246
87181 10088
20000 24400

       

291261 290000
47 744
61881 60424
43791 45158
79762 72134
19976 24453
20000 22222
56151 56095
4946 2345
95089 100000
43888 34679
16980 10068
31558 32123
76800 56645
79817 77491
112 236
34120 37856
3927 66362
28783 26459
1 7
23335 26038
75333 62717
41156 49469
16135 17858
56778 57676
52155 51664
20689 12119
121 455
47002 47666
34249 35867
71451 72000
78972 73261
53259 58760
62815 65307
53802 52783
81984 70041
15605 16641
36130 31848
10090 19000
70095 63457
93987 98090
44567 45657
8980 380
63445 68089
89 53468
700 800
76978 58798
6868 5657
1 100000
2 999999
1 999999
500000 999999
