1 10
100 200
201 210
900 1000
1 1
2 2
999998 999999
953742 921015
172672 125623
547481 960089
270944 719280
530517 656790
244931 247056
482799 995078
77706 527706
310494 53382
187220 475283
4694 173724
901177 488178
581941 431155
608655 625752
783321 268522
31268 549334
319615 361166
883200 581977
605658 697675
150283 900453
851940 834514
640338 500722
531654 707555
100158 4538
540915 446203
450746 993333
864561 879224
395403 405657
373784 153069
253610 64358
7329 683525
52889 124388
243420 581771
111465 211532
532720 691233
412855 415873
657942 968724
332296 5781
20317 235947
956969 355679
376715 244966
423797 299240
725397 967404
99254 612120
922228 851410
344889 702657
233730 687961
400304 4478
701280 148436
330521 501594
129748 528141
420521 780498
157666 244786
778582 188660
90281 766982
403024 22896
909830 287461
924787 846861
980219 618407
302173 134095
943529 930697
929384 958492
378123 140334
340879 587102
964515 422694
375532 363915
965045 892235
232068 728385
572394 993615
498478 594631
111080 635575
867407 297486
73586 128684
510047 834465
746827 749157
115889 564611
830130 459225
550650 713545
573206 350574
414016 8107
362135 331706
174766 748839
880970 491827
752873 702015
793322 20411
978993 605234
221901 94472
933062 794936
319022 715209
264283 759407
207794 385277
172788 809278
778411 612883
388088 521863
886435 209795
733126 918208
831681 180456
463418 744193
819708 793110
426790 764937
857959 570132
78834 890067
170215 552556
717384 866582
359923 854705
359004 490061
259680 616452
117114 979553
453069 777114
345002 324023
10143 706486
54642 963127
620694 504561
791985 217540
813073 369599
237665 925379
229320 892343
546982 284794
422128 145149
907419 149627
328145 919676
855083 921191
735337 660321
322056 573506
966593 567650
991342 312748
258206 591072
342302 90242
31669 618629
451040 727688
28290 267252
59086 882670
25426 294335
771056 830377
195890 271554
249231 201143
436748 657122
939974 442492
65872 732309
3812 73785
61998 845819
560180 874326
204230 587293
868631 359717
721947 812631
905106 308252
690581 98822
118606 900883
42284 318327
99340 846298
