857589 955273
694303 799349
695061 829702
728645 815243
941943 945312
716054 885874
703209 713099
700210 781317
824976 905463
824913 991204
923471 994189
731138 925442
879799 933052
711921 813563
838947 973195
699046 957655
669935 952094
770998 945882
726799 965029
672151 921310
776346 802465
801142 821180
696392 715824
672752 687520
931726 992775
740778 780148
872186 948972
850462 917078
761828 778179
674979 926985
834964 995939
783601 799326
860223 989751
803873 993534
880923 960308
782279 918149
784303 998288
691426 977418
740008 917768
772179 788733
910885 930088
754161 831159
681107 983273
901468 930607
733691 920119
917349 981902
778967 899470
804522 961153
742719 947437
833082 850549
865742 951799
667546 977635
848854 849637
902984 913501
826269 841602
746011 779171
858622 866441
900101 979094
792309 978747
668276 748734
879316 954965
760019 914973
810084 943397
776392 868612
783066 996921
793376 947749
699800 917909
734781 825142
740286 884963
711788 839942
756666 796763
747762 956967
779869 985276
728771 998688
740166 986218
721820 722418
898715 975463
816102 952321
766202 984340
732916 802195
789921 835091
952693 958807
908938 941083
757566 871838
678630 854974
732681 986104
714854 963432
812865 833403
734678 833530
680519 695004
735410 875125
753869 995798
725984 844567
696315 746570
721156 883683
828504 845207
831414 899496
746066 921749
847866 972672
927721 984347
717927 914287
670033 999256
733723 953227
816618 991300
808080 982716
723292 852260
739312 747181
681191 713525
694760 943147
894370 926846
837800 837805
727146 734919
696249 801212
731556 788680
716423 868377
720562 917910
943284 994166
823957 908147
705893 825728
879492 991638
854756 916295
892718 946585
680440 909931
869658 988455
744611 892399
675935 891348
790775 916054
682171 822357
725699 936151
882087 908822
862656 987733
853739 940434
701578 921092
762968 827013
725398 900282
700349 953829
696751 855324
865717 958529
728832 839951
707436 768821
819662 910254
935490 957782
784153 949209
675225 822950
764684 947861
785927 798884
768568 998813
828713 992086
877499 906815
760583 918312
843647 844928
799088 954076
876845 961359
772672 804564
778595 902559
686593 759579
730740 927279
863593 999518
669225 824108
683570 855768
738007 865989
931986 993531
719067 760164
681951 933219
786724 970157
767261 906527
870335 938555
824508 943158
698106 988854
807050 897271
818753 856322
717501 787072
820563 883425
696563 834467
712902 822362
761534 911376
875974 906500
850273 985657
710999 920720
724602 745399
834741 985821
707822 732448
773407 850532
734947 987931
947808 974345
890735 951490
760154 793499
691237 918664
760468 864850
666963 994336
742557 998444
811995 954992
954835 981777
748516 838749
694362 908538
766873 945198
733050 908570
713115 818819
935568 944145
676764 820825
