1 10
1087 17925 
16564 16657
999999 1
12 65
65 12
1993 1993 
99079 82480 
56939 12223 
3941 38178
7571 12714 
43127 8518
24842 24901
37882 11418 
85702 29218
67231 39148 
95488 16
48277 87059
67229 69427 
275753 387241
564606 435519
690960 989515
879 224849
81343 751670
148459 60192
884 879443
266983 192039
314895 949697
385751 299216
653 348132
339445 774452
746649 940540
755451 943679
54078 497917
796415 374939
142590 298292
728423 271545
959105 888065
531558 522176
78272 816164
77220 1
608068 518668
758092 76802
146566 804556
292497 299827
66308 908806
627291 962329
233858 33345
808772 337011
976451 503561
815060 855789
741853 14
770997 912201
572178 2270
284400 13554
15728 695541
455801 49242
234665 922357
787048 954356
275309 839158
18 318169
941120 139987
407924 790137
563283 563591
395206 462498
471745 966143
684367 488575
488741 149065
462921 880909
2 2
3 7
90 71
4556 5027
5962 2757
2992 4528
6677 4226
2864 9587
7306 1302
4800 9071
1318 93
8144 3846
6487 3175
4166 331
8232 2468
5133 1691
6747 321
9663 3210
93 9022
8892 9319
2012 8659
3978 6640
1142 7445
1657 6802
2362 7043
9058 7433
501 4916
2779 2770
1367 1296
5671 5709
3763 1879
355 5136
3811 452
4450 4725
4957 7824
41 4234
8178 1361
5011 301
1776 8982
231 77
156 199
69 194
210 250
139 80
19 254
183 15
159 198
280 270
44 193
140 65
135 43
186 69
202 203
7 233
8407 1147
5236 4971
9569 6287
1742 6479
295 7980
2068 7
3324 7717
6781 6159
6975 2794
2126 7043
5023 3133
3793 8433
1959 4769
7804 6616
10 17