1 999999
999999 1
1 1
2 2
3 3
999999 999999
500 250
2 1
1 2
605219 561806
270882 365043
34873 77060
717124 690844
992533 299555
637530 901960
502660 364231
299742 426091
109654 162852
666494 375451
77923 370724
565585 897766
636986 689094
237993 949910
562890 922693
206672 184748
451228 84093
507697 575447
527019 597837
785899 293058
348510 979004
120566 219987
170255 516378
49901 613859
562362 657739
820985 716592
810611 92598
605441 108858
573592 392104
469007 189552
830208 632802
760922 758791
537821 169468
279802 497343
829480 99627
238459 595115
875994 544014
129034 631417
341168 467010
172896 101113
543563 79530
331943 582536
353155 59790
196943 897495
18479 649377
575260 601746
930247 178854
316991 500360
787794 964477
221609 804883
833503 980108
223792 605742
989556 438811
821258 562380
314983 483198
981404 285951
307339 184101
279498 757155
463767 242578
155832 448797
935995 758211
379948 642272
698134 621995
533850 728998
372624 565809
480301 752236
124267 568389
600240 422586
925651 387694
763050 108277
216936 47149
810962 725998
966379 735833
514664 580386
110995 249858
954888 877629
274326 695413
926011 845390
67012 695851
151516 927931
875640 641191
953930 344201
849368 422800
371831 136972
5549 6106
114057 679269
767910 988761
918553 73859
745997 170937
713904 662843
728153 836735
745719 804456
286317 855603
677792 527956
495905 502104
68985 51312
813354 584331
207668 861049
30995 324455
761067 455678
952416 259841
543113 211612
823127 829096
710387 21056
253898 570301
10518 938925
363144 763262
900534 338661
563273 824405
698663 596687
549400 129123
546310 513130
779048 425173
495893 459476
487997 645491
194647 88538
166840 101514
224580 213668
936500 203311
820796 81321
258864 559648
307564 66591
892249 878641
918095 640992
986553 967509
747966 883327
48739 776007
812203 104703
599059 649463
147928 179888
37785 70686
314483 189451
498433 222558
155643 521462
701847 231996
569001 821286
680640 288009
999928 401237
612884 490874
236534 13743
732812 652535
412786 713722
580295 475656
114526 293845
492172 801608
612407 117127
764628 621034
655040 654268
719925 138784
170765 680771
