1 10
100 200
201 210
900 1000
998351 998591
45297 60593
72364 75686
921797 923802
998082 998776
417961 419207
770356 772576
999239 999544
999239 999434
43163 96483
633872 637032
912540 915170
28748 78149
14761 62555
24016 82312
18912 57739
40824 41371
582335 583009
440377 442169
987866 989034
892835 898703
72703 89713
992335 992604
32695 51924
9070 72734
996336 996614
894780 897439
979327 979894
27606 70480
834435 836555
894986 898361
93454 106717
994401 994702
875522 880850
965399 967159
221448 223620
24101 107154
858847 858939
793598 795611
172403 175992
995155 996012
59467 107513
709861 711948
333517 335230
61838 84666
890978 894231
39816 55720
25616 33466
986876 988440
642256 643815
36927 84806
73069 77837
207704 209950
32991 97203
878340 880956
998120 998461
998026 998520
961863 962377
985355 989752
891795 892256
90657 107515
972965 973961
998229 998661
20492 57834
983139 983547
997970 998165
889956 891378
985297 991687
408115 413644
230076 232577
13129 66565
972195 972620
22249 72131
510420 511083
328735 336466
26754 80279
32578 39857
590251 600402
56733 66456
342054 344215
902464 905868
994962 995291
707228 710418
989279 991286
998023 999053
990697 991301
77953 81512
1535 69671
705313 711277
292796 295023
992325 993859
355134 355225
992083 992633
31313 59799
985623 987061
34082 95526
594157 597959
994448 996882
999746 999846
884290 885573
992891 993855
684204 685644
658444 658775
818886 820063
54308 89236
125784 133198
822304 822727
21586 91782
705101 705165
8192 92013
59482 87610
804001 805295
13666 33621
928302 929861
995415 995505
976530 976554
75045 80929
54912 111816
988231 990163
995856 995864
987587 988032
244919 245973
983604 983652
996672 996995
921067 923468
966725 967053
145403 148893
993896 995037
834263 836885
985417 987959
995568 996559
57075 67941
30014 82294
830475 832276
17162 60057
56741 85913
35239 69641
85715 92888
30137 48420
988873 989091
998667 998907
999995 999998
961961 963707
963924 966432
34563 56877
971877 973213
983252 983358
454056 454457
927516 927647
985365 985778
888819 889388
68986 78737
993768 995164
35388 44836
985345 990127
57944 93289
48371 110359
989005 990876
992459 994386
772573 773160
196568 197388
33887 67783
10669 105792
999807 999969
46941 91273
892381 893166
14842 83030
975144 975997
895063 898624
995519 996130
969693 970235
991086 991231
12494 35094
661914 663411
987557 991113
776539 776579
20535 36776
213980 218963
72886 97616
994141 996090
32953 110123
949964 950775
10645 89336
638508 638821
894456 894490
913560 913665
48001 52963
8228 58565
58815 111254
1765 95130
79330 112708
328979 332036
992334 993129
61780 99596
836070 836798
357442 358319