982269 171437
816913 726533
366549 264182
195715 527996
975759 492942
923683 368039
523523 383110
480711 328506
576726 919479
752971 315450
753252 130414
622879 531840
782069 464752
885761 74769
105571 897474
756594 245361
878020 854574
696512 824540
526575 847868
141771 237893
691652 366481
148662 92887
922316 696964
37306 617501
701089 974007
34091 917117
968908 523223
374172 288061
684689 497836
135167 101145
866388 589167
88336 438744
753674 169402
223841 223429
261759 453701
597857 862953
644367 443902
349036 248925
676393 819917
938212 643898
455087 88754
132624 235251
23219 782017
280862 462322
508640 823976
504663 928885
142755 162899
725250 74156
125980 484028
699585 33200
186042 249541
71701 542382
106909 319194
264194 315662
688179 641731
325175 828708
39024 261016
620158 319499
11522 505766
455038 954540
121386 190160
621481 472329
966040 746652
133359 795876
244112 91707
722093 800944
634654 425646
815624 594843
13409 143537
718432 541944
763544 725722
812184 110086
287262 605497
937362 689003
784012 496545
127438 1649
183533 704116
430554 902283
768726 975568
413030 426994
6543 192382
411471 601227
809189 663201
573314 322809
545429 699229
968 376705
632654 781152
128603 420542
267614 911481
352895 739300
545581 33835
586093 520600
172373 317468
270513 578648
865808 106547
623252 535990
749372 711083
61457 688094
304124 210748
746111 249137
473672 780511
573940 815509
37371 507952
508791 422688
796066 206396
642275 8815
311314 367888
685185 572522
546849 329213
119759 108531
854163 960031
15447 519463
25002 631808
732480 150781
1453 293811
646434 684069
407031 435042
790945 553369
553537 422313
532835 298126
82754 452817
505245 565321
754330 518675
735764 134999
493884 818053
277990 187275
851410 547923
482317 405867
956908 55944
477511 148709
652972 736150
990953 849374
907771 756344
487231 677604
911408 962232
842305 472904
452812 346416
697879 798753
297201 700777
142999 970805
830588 636067
771523 476351
860525 785602
569102 300451
727074 546242
359093 165540
20662 431305
47412 982661
280740 150457
113414 855165
457997 173100
902002 657869
598704 244680
904473 749975
518428 690234
115243 371288
65827 718231
815833 24280
615110 77826
291523 323302
231287 987328
429911 703408
451155 220936
760986 229542
65425 788542
469510 798672
465627 700196
131795 735464
350898 156049
107039 769610
944217 12983
706472 110067
884645 991688
149625 833273
897665 580820
240000 370060
521610 749114
288023 490086
942032 467871
831120 440498
186549 893671
140703 77559
944597 90348
311114 124223
285691 926085
803636 770249
898861 176989
873240 324828
11507 165004
167970 536510
174576 933178
260605 67016
570484 719565
213000 997217
788888 328575
266126 336139
841949 147419
676873 246548
4811 817477
282517 172323
