1 10
10 1
200 210
900 1000
1 999999
456 23
1 2
1 1
600 600
456 765
23456 89043
123456 789123
789321 456321
104330 21475
130110 407363
128466 590399
442676 332748
158999 792809
637248 727614
880958 959941
799681 819094
139958 956488
99812 495015
847079 956397
713727 884743
719443 129313
29338 821882
421450 752064
395835 378965
180598 179188
136315 812207
698008 673693
280147 482820
646022 278891
810826 799437
949565 551043
517260 456950
266501 58288
54209 346103
711192 689414
927896 635827
156728 346153
915266 656323
463998 736011
64192 647721
174842 326383
528644 26618
163197 985505
522258 470436
700289 162053
917413 517479
302595 594402
5855 64888
338316 774229
951717 86609
590814 813055
113033 25027
485017 926391
213465 825014
386641 557939
770675 702408
42876 555511
411557 634684
260166 141022
923003 914565
252005 457419
526824 146851
160140 880134
558282 367877
99140 386264
740437 946218
816529 691205
470277 293892
505632 480087
869617 644510
461685 593979
933775 938208
331592 950488
266457 54029
713683 304864
161011 478754
587596 216718
771064 152646
259364 50005
512968 382215
81939 976300
648432 794851
155797 464339
630478 789132
68032 459129
317750 362809
553788 274070
922444 966808
596246 937052
824205 625976
980427 172495
679368 43566
706798 789448
55157 169372
349254 821395
771629 920464
204150 220866
345704 276747
935084 764572
71675 305252
152020 961097
232971 630822
40924 506251
907892 445858
114382 496909
410915 924521
239784 785459
718999 784913
423867 846147
201501 879490
309209 465910
366967 162591
742016 318610
529811 631488
393692 134856
490341 637372
425241 317199
642050 373046
20507 595817
311203 163179
209815 414852
673856 448864
860132 756097
557331 422838
260209 16453
288503 69389
786001 317346
