1 1
1 999999
1 126

873701 316682
952817 376880
447007 254006
251206 692760
357346 780725
969546 604468
712948 951190
403647 490118
754538 36231
931434 575137
461183 417142
47574 249704
300023 26888
945634 531894
357042 591816
756748 655872
223164 656229
868153 485612
792349 496059
867454 441110
990247 332855
685350 359637
78925 699612
732313 470544
642848 330602
650134 181973
791321 245060
269243 817275
41261 95822
680358 123143
174564 223162
107426 45333
930486 465231
879924 384532
889970 812752
215897 454307
82484 642422
474478 649798
799569 252899
768478 724643
491256 864636
325473 589512
86542 673983
958570 172243
8713 194537
466495 927478
631144 264209
598771 155466
212578 172951
345090 392671
361200 434524
611504 261361
185301 547694
496719 296494
501416 69854
76912 139116
971877 148256
63839 599026
660941 730485
201263 205846
364076 378882
777059 146954
695656 885860
47279 789238
279122 73056
584701 579422
773846 409133
373706 331098
757644 243234
432281 33516
134099 962185
697861 855198
62251 667868
33743 638148
176155 706874
732742 768802
394195 124704
589152 489780
323724 178492
687173 94746
363855 894798
481686 378678
298559 460831
500210 943181
468527 835326
949314 622856
851259 980105
615566 942653
122862 463124
495089 649899
845389 978950
496571 435340
234887 966497
897008 422418
916824 239623
955774 314403
475295 578381
602240 164769
835358 287511
889381 569720
762426 796785
665051 532972
529238 380508
195799 308279
882733 285898
59227 207427
682334 600730
504876 789446
616437 372534
760963 67879
961809 57053
95191 459306
243349 223290
688420 152353
827676 847048
808651 464897
809524 181748
115730 970568
146203 644273
73678 383976
872455 589725
29567 555491
811973 538031
986393 278691
859517 932008
