899010 686519
256458 244203
472473 923531
758201 346349
974096 402632
45934 963040
686675 295720
645478 558222
106152 659801
594852 62944
149 645382
352447 368102
353026 145068
703224 430753
119008 993266
6083 59339
171330 209484
535393 872952
865464 293435
810190 120634
296258 951759
259608 495223
431651 347417
486225 809139
412008 823099
515964 202096
61229 696578
722840 461918
746157 164650
759960 540663
37204 348300
876171 584283
182993 621694
296326 473057
386186 901479
424501 554456
183608 239307
664360 188107
217573 160133
442926 434274
775226 302573
321978 30911
537484 815499
2392 50989
789555 308967
366641 239431
796981 364074
320972 411363
295132 828813
899279 52580
22508 968608
712372 516735
553396 258521
961765 784173
216024 945434
990146 672854
968259 184107
875107 307185
431843 278256
894479 966961
741822 480998
462496 53215
869268 709513
966106 396814
197175 836910
257202 706587
929109 194700
958514 368769
83077 597625
278403 391214
635220 165769
143374 328141
606979 117032
623856 926146
141332 236079
750849 509381
70867 271630
506829 294386
648094 940270
307389 46809
534114 601050
791262 270643
500191 863171
233154 367986
536084 825334
290136 181911
573908 776307
760347 895205
182418 768861
675813 264485
261177 544962
912357 616602
66235 504731
278389 108814
930199 437909
387103 811086
936217 716546
169783 194680
174525 922710
376999 509070
186164 761430
103690 708346
76294 543960
284902 160721
415497 33871
479619 417383
733 215326
966349 775934
711622 417265
904770 683187
184066 469826
948072 573095
292868 464548
460887 403233
373960 622067
656112 990761
365337 593472
316678 174382
852295 648570
637325 844197
302100 174041
705537 520806
6600 346122
228418 395100
83178 15338
254248 455445
774943 152423
780183 459979
147089 594378
621582 684688
148569 940690
891100 639406
848272 3320
689598 828883
62770 117360
923884 682693
942618 538831
152136 507579
766705 957463
303704 885598
9973 436162
146304 506989
236037 101829
502858 319053
847593 562785
570781 131191
94567 109055
223594 84553
916540 481279
