1 10
100 200
201 210
900 1000
850 875
705 700
100 100
0 20000
20000 19999
10 20000
1034 20000
24 304
24 3024
3 30
0 27
21 30
0 999999
100 200
17 86
8349 2950
384 8534
12309 61034
9295 9295
123 1234
22 22222
101495 222017
81908 222017
52978 58246
122076 897
978 6083
254 484
8 63
416984 654685
765 1645
1000 1999
987645 321654
88 65
5456 4577
168 4686
4 2
68 86
0 1000
0 10000
0 100000
8679 16645
99999 1
369 258
147789 456123
357 159
654 87
654 8657
564 4523
3527 3212
3123 3547
6845 8654
4758 2544
87216 6947
0 2
869 84
745 965
785 325
126 324
786 126
6565 6843
78692 87638
19999 35477
5478 47869
35248 68545
16808 26005
1564 6872
36584 6546
3248 1688
54036 54445
1857 6476
665 4
8841 3876
6555 5555
3573 7626
52 3653
654 7863
555 5555
132 321
444444 666666
45646 65465
54646 46854
478 3524
54646 6476
486947 548746
646 6466
4654 48697
1456 4546
16854 54654
2222 3333
2222 222
4666 46665
4164 4165
148644 486345
185 41866
1746 41684
897 14864
4651 5466
516516 454654
54164 51635
153684 568473
5463 6565
