1 1
999999 999999
123456 123456
1 10
100 200
201 210
900 1000
1000 900
67 68
68 67
1 999999
243244 234894
564788 912400
951701 134414
622119 500385
484361 803644
530781 851598
136485 908409
711967 440752
982086 319816
669335 205221
377666 887311
851907 937485
137204 40339
229708 288951
387890 9023
147073 356461
657180 396217
633057 628477
629522 501128
610612 671157
340198 585109
209929 375704
472878 494719
479540 191649
548743 959148
943388 281031
1438 40070
22103 2582
34624 35051
28064 12826
44849 39840
42663 5934
11355 41485
19796 20590
26947 17197
143 14812
38251 24033
18163 35240
37380 7404
36378 32345
18961 16737
8809 46123
26423 22466
5045 15794
11698 21483
5665 22576
5868 48495
36497 18297
29929 17942
28882 36458
42277 34066
19 999999
59 999999
16 999999
5 999999
27 999999
37 999999
62 999999
73 999999
14 999999
3 999999
3 20
6 7
8 3
1 18
9 24
1 27
4 26
10 3
7 44
9 13
534 521
582 551
544 529
509 500
524 531
510 568
552 590
540 538
547 529
552 554
109361 54023
132564 56070
130533 50556
139142 51377
126619 58153
113187 57245
118903 54349
124565 55049
112570 53323
138058 53510
800043 800727
800741 800543
800140 800397
800741 800418
800108 800014
800771 800692
800108 800179
800184 800406
800351 800751
800298 800725