1 10
100 200
201 210
900 1000
6324 113761
981478 651079
793311 476966
67627 867855
913941 454319
133288 624625
343068 703503
124492 431182
385781 712163
799645 818428
388247 131998
999983 817651
127942 106603
209014 286650
118256 51893
246088 377378
642980 475482
564019 157604
357678 650091
496146 311011
835764 800546
603633 237716
461550 756637
817995 802595
894808 552432
561786 99019
331946 958743
638227 408473
331494 568375
477104 7331
689690 541487
497699 93946
693632 663952
727747 927261
415543 393589
552971 824620
188378 583410
843531 690538
248494 193417
53002 221660
810335 893160
459578 926977
512506 407039
130048 217088
762661 937407
122211 576697
169276 947099
972494 931757
845069 626540
338323 449810
49759 500693
634443 122111
863689 298454
650162 587812
779782 923455
599309 288474
952358 944242
77560 897922
294494 124716
485771 556643
220701 422542
19545 786278
637686 608978
120076 281521
966333 40752
993216 767066
148866 438037
484681 123790
455105 791453
318482 241388
980438 332579
558017 870517
499833 776110
217475 139101
258747 1480
244743 43198
872963 902701
442534 645491
735860 406896
601620 601604
48082 101496
596356 764495
289994 661209
408650 601651
547027 899755
346660 668105
447187 757937
58145 442431
496471 102101
90146 571607
673593 806196
144883 920756
242550 460828
752131 400217
853295 239027
979379 74243
540731 837055
8490 7921
519828 211414
673783 265261
45661 767822
667328 944357
53969 786705
137133 206127
811581 859315
153951 467893
529376 562557
298020 851331
106427 635529
254207 82762
163664 633960
538886 822913
459412 685089
807422 435622
114399 948041
733308 450157
258928 195738
999369 823134
382537 367941
657072 224578
905650 462548
415535 590097
383012 163684
433384 218486
597023 934666
305888 223938
637616 685515
365907 440389
529134 530785
70643 59655
89614 754625
519554 593285
755824 913377
155642 289166
294220 313144
864903 332440
573098 174117
222938 329157
487767 494412
954265 426622
99773 126003
90811 781519
794951 563484
379695 687801
454613 465883
234713 216127
622814 399446
363775 645432
800563 101575
