469034 572794
249746 746980
644220 992830
170761 744274
286316 326380
458882 762408
498564 971120
445631 903496
612994 805839
833444 73126
526396 376759
175835 98563
880247 111719
65787 492593
57490 501274
303532 804725
268646 789459
742880 528532
260193 130879
21773 461561
945826 801843
681231 819319
286441 574643
99171 741688
450320 652878
739016 936117
843017 9809
272638 887767
573413 660855
83283 967245
723217 663510
513403 567610
209546 223059
823930 548507
751075 531127
513679 686012
105215 393662
50117 418
40427 499289
772401 214030
277320 348972
951636 765068
18566 381880
391450 911090
946813 153600
923579 997604
238068 94272
430662 970616
104503 58398
315392 82190
110485 598893
292345 403255
782357 509419
685554 278131
338645 121573
350299 309605
466032 849476
961415 947001
855572 857581
83016 416439
666512 934590
315151 210312
145103 791324
931903 441517
631592 276209
798910 301202
310347 890816
254378 208040
30851 335774
29631 397512
484088 392404
53529 174678
505656 570485
593037 492465
491600 801423
800849 721030
372 929643
691798 817273
539232 694310
167552 796621
502968 602371
423344 694740
679792 218625
626531 343109
967086 945220
5988 686200
466197 898859
439271 876591
258999 43688
641699 16174
736247 9630
580805 795560
372806 145333
329408 509846
974039 721145
753146 121466
56443 950144
840953 444957
281463 436804
208130 920881
283323 343582
713503 693162
745557 289086
534213 573745
668210 891944
800353 601856
257089 469251
602016 713223
238578 451241
771149 509920
98514 79299
368290 235019
922752 888541
235841 576379
451151 143323
504720 746566
334413 97752
896530 888298
522616 973878
568974 965824
591388 254722
848781 396556
669697 547689
979382 500942
410949 852514
831141 721358
729382 78220
453606 993266
195684 1613
892505 850875
132609 726736
155940 843087
408536 881069
857913 21451
732927 819550
944607 733070
296620 94511
173809 106078
931276 784208
272942 585974
137217 684145
469021 340481
203951 73146
172884 704206
710857 553686
937328 939474
75961 384099
574617 862905
615828 190423
565056 448594
972024 571528
285067 545692
80678 80337
373355 105578
987991 244970
66482 545730
416708 999987
339127 104092
232434 176449
934959 471836
73513 297295
275306 74869
970316 867897
114742 379068
265662 532529
697909 876187
855159 920735
436859 618998
239474 438051
61343 622234
972228 721787
165548 252628
650943 571267
331275 155283
487963 240055
231879 609057
973832 22738
621870 571465
918001 943828
895881 925577
200581 988527
309538 386990
212488 701216
436026 621006
177604 652031
109116 750676
402613 792896
648641 606800
957328 962497
439901 178101
125425 569531
243946 712911
622059 113479
498769 745164
159361 723871
67863 236168
756969 901513
923480 703662
417334 776888
799019 206373
