1 10
100 200
201 210
900 1000
1 1
2 2
1 2
2 3
2 1
3 1
1003 535
124 4532
32 44
235 666
234 3221
9 44
24 185
599 5234
34 5256
12 5929
434 3453
435 1456
323 1111
234 2352
999 2231
494 1
192 111111
2924 444
2932 111
349 2433
339 2222
39291 192929
392 1111
1 9
1 4
9 345
12 3435
135 222
495 145
2949 9999
28 242
21 55
10 29
19 444
5939 99999
3 34
1 10
294 439
291 444
28 88
11 22
22 33
11 44
11 55
11 66
11 77
11 88
11 99
1 7
21 44
14 626
524 224
4 55
1 22
1 44
1 55
1 66
44 11
43 11
456 43
135 2222
49 3939
101 10101
111 11111
2 4
2 8
2 16
49 929
14 1519
34 1462
13825 22222
82 888
8219 34346
182 2281
2841 11111
182 1111
35 245
2 56
5 245
2 3235
2 55
35 555
6 367
3567 2457
2456 2456
373 53657
37 37
35 345346
373657 356735
56736 3555
5645 44544
4563 5644
456 34634
3634 3463
3463 3463
64 444
4346 64
