1 10
100 200
201 210
900 1000
1 1
20 20
578219 297098
390830 316714
132069 154003
224119 727587
133463 308558
491648 899327
184390 167707
591661 235000
497604 367808
358116 726747
820931 936329
499236 110316
753213 980157
770698 55621
35629 351338
563962 356908
279287 279642
906768 374947
583097 346307
163415 729053
407561 746023
744490 758541
326372 236698
935638 499469
940256 498731
109040 649600
725905 944225
340489 188816
215056 235524
867766 717695
272968 770250
831601 281405
670989 455610
276355 413911
137597 964410
368749 483602
472125 745187
567678 508183
143878 483346
277173 278517
648915 248758
583180 671138
211549 726640
348257 729716
461732 89162
330748 251532
351852 960632
684102 504777
70653 502529
9930 42998
27957 283683
300964 121685
668253 606457
319570 394979
175350 650854
106728 117273
656221 640801
401307 401930
531774 831116
855258 367089
162709 559480
915995 586829
499420 631335
698111 352075
373745 212013
592359 648351
395829 3329
241061 894522
8687 689949
762436 859640
476635 75803
981774 295472
99400 181303
10087 346292
830961 526465
952443 728589
533469 786663
808704 359975
256180 248267
36399 636050
239769 157795
259004 688268
650295 54686
123303 811180
991198 355886
349785 503462
404841 59576
867872 791808
521156 844128
400004 332133
338881 169815
748927 805491
116785 494955
173230 38421
472849 694249
614953 799392
830473 753342
521312 617568
665303 949038
15223 21353
50514 748237
786173 969279
57772 780123
511847 76502
427717 221696
348905 909855
78905 37845
942452 226473
432637 315720
268222 320394
5676 660793
754034 297145
684023 95744
61078 997228
18055 14017
148758 330705
582638 586861
149329 305010
102579 779761
341964 76677
61873 699337
8263 661181
653717 483976
649738 230299
275948 408934
389529 775828
573350 616578
534679 182598
379703 425428
725467 833870
776609 392006
909228 50290
984278 814553
180915 504973
168824 773836
386779 469524
530442 83486
487007 6886
431031 87126
662626 757339
102275 837546
